1
1
1
1
1
1
1
1
1
1
0,844683314369858
-0,987686961169117
-0,254970906304851
1,24008600287979
0,20911447083633
-0,557059772510071
-0,954363863859346
-0,149464626165053
-0,436680648774469
0,811010456192872
0,976695101299416
-1,0187667819279
-0,140425075151311
1,61126561459723
1,30431965991377
-0,0501924003225615
-1,07429857878955
0,217980096749331
-0,054801076469813
1,25939478432503
0,597389360606368
-1,73651719433261
-0,222933223757105
0,814422441211103
-0,239644697784097
-0,748998749566226
-1,76322615656756
-0,528121265922267
0,147131244054033
0,695755013425868
0,375610122967816
0,317036884786982
0,158175967557381
1,44651405500467
0,513202998543084
-0,521394525102027
-0,234604044235737
0,195593589150823
-0,535637518482862
1,32858861562428
0,844312101382168
-0,715163571855261
0,216841943111288
0,530585131367737
0,66822522854736
-0,606204512261906
-0,497847379197687
-0,232506220181577
-0,0271431159619922
0,400602018869333
0,12594204500735
-0,846504079065116
0,123166955731604
0,713398570697122
0,467778249183935
-0,00939081133857971
-1,06133522728664
0,154259975349748
0,31143646767074
1,49265582128431
0,597313534235783
-0,568161106624432
0,233399617187963
1,20221411676281
0,773148235709831
-0,780664419105069
-0,422728182605153
0,388742319160117
0,0725393824064339
1,78712344304716
0,255413439799605
0,151810596514539
1,07263177070447
2,48648109137779
0,927416346321056
-0,306280454110918
-0,706194238013509
0,799208668529223
0,134893475158802
0,146315904741695
0,104169162958668
0,785066044575295
0,579701565637667
2,35731442507977
1,30864904008364
-0,466115307666785
1,02370593914708
0,906240291468017
-0,216768062852766
1,04499282464747
0,458261177640082
1,3505608562098
1,89884011283676
0,478567394548618
1,24233696270343
0,0375764192020549
1,02776779998873
0,332703372888698
-0,227687464492892
0,40720498041422
-0,309147887968769
0,831899613111601
1,56830099987981
0,652050746336805
0,137443882172556
-0,146884433141912
-0,106268751965428
0,00878530659048197
0,111331827723085
0,914921261806816
-0,151177892106119
0,916080678302265
0,711219545634707
1,42703201280714
0,608642457944647
0,523769602728011
1,1843076372164
0,315920302828966
0,407593305134198
1,0988434531122
0,0410109159821239
0,983839755072376
0,977969852857899
0,29435830086004
-0,105421961017809
-0,071385145213013
0,922690645575592
0,699371861645809
-0,37054000880452
-0,209919141218874
0,173275202467653
0,112428661431915
0,571667830478092
0,598012333583952
-1,02450878512383
-0,222732102488862
0,268340732635802
-0,116002923223744
-0,473344353745569
-1,11345305233279
0,0880299212786137
-0,0314667725812614
0,293381816991166
0,114531065182677
-1,24135529383457
-0,348925425120678
0,347219446608271
-0,304133742637608
0,47474013753842
-1,18488876160404
0,218344513765243
-0,0837793369589356
0,195341428273651
-0,469114514434078
-0,886297573662272
-0,409786908099694
-0,122482298745749
0,560110262166779
0,209281160513357
-1,20826859629806
0,135141384525972
0,281264193302553
0,876091876245485
-0,209377372172998
-1,97660737791891
-0,438174987426783
-0,351457738424851
-0,637313454962049
0,3914207176274
-1,30038546719319
-0,138322117720376
-0,489697134303605
0,775838791023428
-0,706835278126403
-1,33969790864947
-0,681819999954074
-0,699979072847263
-0,405379695957932
0,737822803982328
-1,00016105373252
-0,219523290170079
0,539196944175827
1,75804982907604
0,744175947972919
0,151546236477212
0,157089029188447
0,630158182356395
-0,336627457295082
1,74882085006498
-0,27406899167665
0,892160968832974
0,773178004468987
2,3874033704838
1,92206414365043
1,11267368201423
0,362146799343377
0,693017589737965
0,070973099445864
1,22477801010981
0,260357538585974
-0,808508591239767
-0,426679603309714
2,07281134033515
-0,14214892638649
-0,342777643699588
-1,08268823012826
0,210340120755165
0,0817606022451099
0,498368083977418
-0,380243529542778
-1,71728039270326
-2,01494700329736
-0,518554970331803
-0,723888907611079
-1,71634710840587
-0,874106770093637
-0,964533968929765
-0,44517001891539
-0,102803644451296
-1,48957146001066
0,320467550315426
0,787956636306991
-0,0758881109738133
0,28632951014368
0,114838746554189
0,502699367386452
-0,271189316165404
0,761644608163581
0,176389752747672
0,213054158835455
0,0541254373581374
0,290231842422927
0,246932486979391
-0,222476004738979
-0,148944478045512
-0,442736901696507
-0,0702579084653375
-0,533083250630129
-0,112205054003521
0,818376977665906
0,19647925597344
-0,5775632463863
0,304164569845877
0,450440474885579
0,318216213582324
-0,240623351761074
-0,283957166664402
-0,0639141669476081
0,544249349118762
-0,161225726491969
0,490040367412733
-0,0983350106688032
0,543681078402004
0,215986753212884
-0,154756584478342
0,0688068719502234
-0,382752741733257
-0,44629367283877
0,0811858216204014
0,255917257616721
0,0423142106065461
0,755065071690101
0,369558143285422
-0,0409062818738452
-0,69699684666391
-1,62753919200175
0,0295781188063203
-0,128736400032472
-0,655402273767815
0,293074127508781
-0,411156397566703
-0,922274406505766
-0,814730260696202
-0,13083949391072
-0,123959577063706
-0,928630750374673
-0,695210178664925
0,133655783363437
0,50289028571922
-0,0556644479513986
0,927589805132201
1,58198531017474
-1,24263577533509
-2,08619435101456
0,468236574467645
1,40510572525145
0,269067691561431
0,0462125657389104
-0,538057746597119
0,527533943174889
0,530890298179593
0,0132874413509856
0,313167157284826
0,206089530960116
0,377905379795314
0,68385441252837
0,148040824367417
0,857936636763668
0,326308738949161
0,308180942241331
-0,031237073093734
-0,1374141792619
-0,658062602932194
-0,836804612916407
0,507499363260822
1,10382022731686
-0,13230948693508
-0,287162836843912
-0,427491576523765
0,0615088158419782
0,0271770858946157
-0,0119988615322314
-0,196538677437203
-0,179608500863599
-0,47737241354728
-0,18906972984883
0,116598592135331
-0,0325853739065773
0,541147419951031
0,0709786532298207
-0,157275269791168
-0,186118298036072
0,257992841714541
-0,0571107838383283
0,570315992206887
0,829592257807392
-0,633587309359616
-0,567672925927726
0,148428242764575
0,356608303807112
0,460577332337493
0,480379504586203
0,255703721678406
0,832652160505527
0,628019994321966
-0,0612458792567555
0,527322798323247
1,42369520415177
1,15631230750049
1,21459801304252
-0,283051488584883
1,10003170107741
0,798702676674631
-0,462939312600252
-0,476004236534746
-0,344325019115226
-1,04229723132367
-1,15995043094683
0,330004831166578
1,78396817401318
0,370386105866764
-0,980360338895248
-0,121453379675876
1,61873080364694
-0,170971410131375
0,186079946829421
0,690419773941781
0,173968680007588
0,0611314811869117
1,45581320135645
1,45364109812147
1,14827233921056
-0,28303713744453
1,08228236981271
0,029353952668929
-0,122700615778044
-0,16828985926646
-0,0144380202926132
-0,67690538284446
-1,09758691277838
1,29471915792694
2,37010180599687
-0,542592750135057
-2,07054703504745
0,461050151976533
0,898939007354992
-0,2768371159436
0,401199144242915
-0,0631605501380508
0,131117297708061
0,693676526208647
1,10956824601667
0,706065738886383
0,985932919884541
0,0920197481205608
0,984093918110756
-0,109814546844175
-0,50765191238948
-0,280492832814782
-0,060833146103689
-0,390824889507352
-1,38658442525386
0,782457243547083
1,61474583525606
-0,431698932610284
-1,59481010101404
0,112242099227898
-0,106324960991843
0,380287377622298
0,489694989445153
0,249307159126693
-0,0232844733592199
0,435428287672656
0,13540483323947
0,489295686939065
0,632812272249957
0,408121674822934
0,664734057387239
-0,259280130813583
0,307736034808909
0,366971722462887
-0,333811508039099
-0,157684103541199
-0,071567307972335
0,519091288558847
-0,0890809179356137
0,106041712866448
-0,473665637387915
-0,167182803297809
0,155265088726317
-0,228656618906212
0,206635489349772
-0,283678978870135
0,432887518375857
-0,242872187775054
0,782664120213456
0,0835696555627396
-0,015206694701202
0,375248649130485
0,358236326955382
-0,387852623461736
-0,375049377385872
0,052976099881329
-0,237516705171854
0,210605182148824
-0,394308384211624
0,601984304347953
0,877583829190404
-0,368132978691864
-0,361169945578668
0,239134492598953
-1,1676069727052
0,453888962424614
-0,179182573048204
-0,151603769547328
-0,149028193339207
-0,20721768740758
-1,24615644704138
-0,376243813774751
-0,907044655587126
-0,048789501747725
-0,818952758553633
0,236233885873572
0,103243990620056
0,27082101700936
-0,346221921181384
0,290955296886707
1,30113838410933
-0,781786250848329
-1,00400326543122
0,238351312535668
1,11940080261346
-0,506034859006699
-0,475269545797974
0,394931286744639
0,0600715807250752
-0,0934116070144577
-0,357757009484162
0,0710622365930062
-0,607179033983788
-0,922662534097326
-0,172806026686226
-0,387507738261879
-0,218990691758546
-0,285016115617094
-0,274798068901711
0,364911783402956
0,0785031193209528
0,104604794770719
0,848853919563818
-0,422707509315581
-1,11547102449464
-0,0576519990105888
1,04336787831328
-0,31664759456577
0,129977163656575
-0,198748917696213
-0,644964988359471
0,164614463105831
0,213367836747197
-0,58537519402764
0,157017769598618
-0,272045678555607
-0,414535832460072
0,177298359433499
-0,389540809819747
0,356908230845515
-0,0930836525106887
0,400812042343616
0,449175309328493
0,478172326758642
0,0537718094727587
-0,428523421535325
-0,495456059611977
0,427121056719617
0,722046060362141
-0,77627140110815
-1,26678197643681
-0,238022576181823
-0,463455472945027
-0,478551461481666
0,313257857921068
-0,172729926900016
-1,04509642204341
-1,1637718975629
-0,674874702013613
-0,325286838786983
-0,867603219201582
-0,457548441548187
-0,459798670905557
0,367233180340015
0,085281314574567
0,518895212289749
1,61311777536148
-0,826853279708794
-1,91129084197268
-0,345260095878056
1,62437970232926
0,443592041940854
0,893206733535087
-0,377482754508016
0,0569874821871966
0,326124831246849
0,000521598057819838
0,651202709384916
0,0538418080643817
0,935290994838563
0,759192608376664
0,423804577449401
0,281597545404547
0,404289234384775
0,392511122461056
0,269566032352272
-0,227060135457085
-0,342644552686785
-0,720471969185207
0,153801604271195
0,403553130538701
-0,432259319946458
-0,687168503328202
-0,278481396048647
0,0189629550275548
-0,445629639855848
0,214893144084533
-0,321530382188968
-0,239671824618354
0,303972806355517
-0,37774001530246
-0,599919092132574
0,0987052717520441
0,134435159990245
-0,376958669853604
-0,140460010957349
-0,297323499466595
-0,272079834770327
-0,455674732476967
-0,244223269822752
-0,195082826312392
-0,149901972118564
-0,56001833515833
-0,0196893518793729
-0,038966526389237
0,00546960947455629
0,613602932514833
-0,381063410861848
0,397082348226826
0,189905538607825
-0,284493540948505
0,267656900427695
-0,0262288469224573
0,808791547207159
0,709047868643471
0,370976620835796
0,259424755292854
0,407723603297812
-0,0019569289899469
-0,250848044931535
0,25361485094815
-0,451394924557605
-0,046346871043675
-0,0215907955896866
0,677164499581004
0,314927199904135
-0,917619875568879
0,191375147391644
-0,257373439613444
0,0760695336618695
0,0483689164286444
-0,43528648266244
-0,141224063534661
-0,554876513247714
-0,635209704694457
-0,125786148064228
0,154677881782907
0,370175534273286
-0,737657507891498
-0,447918989037973
-0,356907483773432
0,139115451621476
0,0982392727439366
0,337217005603017
0,536601538337297
0,00159346719065793
-0,00966205030404166
0,419650606021853
0,791072263685083
0,0401237846602367
-0,679749386552992
-0,0133679098616501
0,016211885397353
0,0859217675328648
-0,243421018168984
0,326389340215829
0,0123353500628815
0,203186112301211
0,135449373333089
-0,169436333606216
-0,318958281814595
-0,417035065170584
0,272649571473358
-0,254789326988044
0,458284706236143
0,615918604581382
-0,0950039089427085
-0,610846132716212
-0,224103116061274
-0,382274114530048
0,596954645493335
0,183402109749419
0,962982992505276
-0,145588038971186
-0,0474429824946619
0,0896869880766751
0,205869777711421
-0,274766644848275
0,660066986493809
1,05756809722211
0,727812885920912
-0,349472775770759
0,853716004134835
0,59908732540082
-0,0221894354469207
-0,402826237531976
0,00656161807607308
-0,131127056708791
-0,511848344954665
0,231903454229472
1,58707341488088
0,370116572666101
-1,24635352255448
0,428755161867128
1,22907702399855
0,409222991576866
0,579454696851289
0,177395622123349
0,232788677071539
0,487632577059423
0,897220408985984
1,2181789375697
0,231502007022066
0,154626030109618
0,869024785656213
0,295650963682186
0,196069649767037
-0,467785297330881
-0,106100334116131
-0,0338573780088525
-1,30967786762472
0,773784204719125
1,36930175150182
0,287040469097341
-1,09769885385076
-0,603147498482722
-1,05677576100424
0,411851156952922
-0,0975390073109027
-0,128508728885049
-0,0655935683049329
-0,307185513766984
-1,06569767622176
-0,918441376123867
-0,879718064436123
0,321750692138092
-0,76664060918266
-0,643995671164067
0,112926796506543
-0,00420929944822267
0,085558010828312
0,304787785833076
0,71359132620049
-0,322509983351533
-1,37489674116602
0,492694821364942
1,53949512639278
-0,340110018166452
-0,445495132497237
1,27105714646422
-0,0332246958010872
0,0129515209641301
-1,13331828875762
-0,317434899999282
-1,13491166207987
-1,02245638778955
-0,51395648709707
0,677674012965071
0,0464959276943868
0,133575276326009
1,12487780347469
0,211947529004721
-0,226274995144593
-0,672165788538654
-0,701318937182777
-0,161215103094475
-0,460714362332696
-0,388368124409894
0,994212428334617
1,43143846381292
-0,0683461241386513
-0,220488041853011
1,32635933410485
-0,226617994981301
0,0664924240645018
1,94087859698044
0,650794168725501
-0,677816945662955
-0,258910465745611
0,434205356402712
-0,721746962808877
-1,20869717797646
-0,122151401224303
0,977018124703257
-1,39905723709692
0,273184917696205
-2,20298975713553
-0,0155129834682713
0,219163402607413
0,643377086270088
-0,163432397111501
-0,433761579111565
0,488290697911859
0,390819290885548
0,149858701020093
0,0680197797147425
0,220182523453668
-0,18113029925954
-0,0449311494632678
-0,236632570091091
-0,281622883852037
-0,422719120662357
0,039938799293951
-0,418408443915621
0,117614261571982
0,47568733050897
0,0527170292087314
-0,253421540678767
-0,151863176113289
-0,270499836053135
0,42979149188605
0,206524805460038
0,294968678895978
0,210151279887854
0,0315607259145026
-0,165478399520451
0,011779548751011
0,345679128203971
0,756199828375272
0,127254688190925
-0,160333209331937
-0,180279839567996
0,166474332831403
0,123574628876782
-0,0810837437592515
-0,404510628614552
-0,161011603629901
0,459690092278239
-0,0711238523372238
0,549511639753873
-0,593800888344949
-0,385680702599369
0,10801778030554
-0,0713742910023584
-0,337544623978562
-0,0679114669067295
0,072081421403363
-0,0362430806597343
0,023152092257776
-0,292482937087757
0,150892012849485
0,933691197412619
0,717778193426795
-0,701416221606051
0,372175541484729
0,25674988627944
-0,442625251067368
-0,287343139584271
-0,222339368088277
0,696427003698474
-0,504905413365949
0,522355254336376
-0,834548580813324
-0,193413438307364
-0,0438502552239949
0,538802089498104
-0,0691020687576342
0,399155710085229
0,0368314154846415
-0,386678782341286
-0,0391962759190821
0,318426920983194
0,460851045583052
0,47054604593752
-0,150859453216103
0,332803720648065
-0,0656256191819996
-0,0395367795084499
-0,545587236085201
-0,222622749057154
-0,687738167445832
0,307074561594697
0,203855353670165
0,465072806898557
-0,0516840851454321
-0,43051011634044
0,10583513438567
0,258861314819621
0,104606134820796
0,444737169113256
-0,4666859931311
-0,0522186399864423
-0,180954178424026
0,153989521543515
-0,254166576448692
-0,360695001826634
0,201216286236666
-0,707745882240785
0,2045637881635
0,276006440829726
0,29148141647888
0,22376640258557
-0,0982026015525836
0,18091420142118
0,243436613120577
0,142098614916958
-0,480016980916208
-0,0506961070594427
-0,679165096634638
-0,557305149578017
0,126467606976133
0,409701434574497
-0,133630711203996
0,123241716841322
0,731537261690207
0,413934745287634
-1,16595430919843
-0,0185472432056522
-0,0479509198765652
-1,34761659293381
-0,439860433389129
1,31891978374864
0,617066194325777
-0,272188558372464
0,463695305389323
-0,349636883695526
-0,660419411563767
-0,382492940932138
-1,58989998724449
0,442301909290692
-0,0681996255610932
-0,751266813252952
1,02575100284399
0,814221791978322
0,340385781697911
-0,682495111112051
0,872385388004276
0,504006741029414
0,865483107175991
1,67980194926938
1,17439579994631
-0,875966511610597
-0,00928794748622827
0,0702618569250661
-0,346614657966818
-0,54243672460469
-0,244959205113057
0,345451428798269
-0,342132047360033
0,885996377952476
-1,33085335896615
-0,0311270889710391
0,351989503073526
0,668984677359288
0,115756590295642
0,552146050026577
0,375646253710622
0,0563434510895625
0,335021002198344
0,373947647860805
-0,421501076492524
0,0921979879507188
0,0134165810152915
-0,6918917800327
-0,286818169976636
-0,147099612908309
0,173695831050349
-0,0971677298866949
-0,1367660587867
0,21672728970362
-0,800962837703077
-0,225107242205759
-0,765029603227176
0,475270517004056
-0,162457905888684
0,0232226431080961
0,110199484105661
-0,225387777323762
0,496536699636305
0,0104095822562898
-0,165275515916874
-0,332224058143127
0,272139889495843
-0,0829738501894947
0,258045024512573
0,136626142172038
0,616366082661355
-0,71735895596382
0,0385427807881103
-0,474767446253552
-0,326474738261228
0,606040920256121
0,208084238514188
-0,241340571274261
0,326975967268756
0,206667868775253
0,422609958855848
-0,0101721030502228
-0,565879969856314
0,779628988648983
0,392322198540395
-0,887288340630902
1,42209479980842
-0,205886097762907
0,64809941746607
1,14622593354742
1,30620967755322
-0,619321127890098
-0,166326374566215
-0,0582838328046713
-0,7090518770947
-0,565304941163839
-0,459112246968394
0,736325313858932
-0,749520269938019
0,994789329487832
-1,13887005986454
-0,239467814770442
0,854630055456175
-0,000674456460001395
-0,644963007055894
0,376057205559213
0,540198792529812
-0,289758105468072
0,776928911698498
-0,316404892360543
0,0900341590472803
0,287691266122985
-0,0295604193902936
-0,226654218158698
0,332645858846353
-0,144614151276682
0,363543146908324
-0,24134675411861
-0,514005113355376
-0,133816434222933
-0,44361091612819
-0,158492297728939
-0,582896136653562
-0,147583454626188
-0,0335511845172569
0,100246542356385
0,210330791137289
0,0178175123965176
0,348674681294664
0,03562355505403
0,214470599351061
-0,557324434039364
0,601802763808995
0,846928820129329
0,0327202580639106
0,0851865756803956
0,0146556076019237
-0,567985279082532
-0,406120253187133
-0,538672279944307
-0,841327983917915
0,381010128438457
-0,311445431194671
0,343553596605767
-0,0521163271245801
0,0760385245634607
0,0522798691295567
0,771167026098152
-0,359832450487234
0,187249604885097
0,0399811543172758
-0,248766427271995
-0,350109020333952
-0,206143736973541
0,0059164932686679
-0,433222783181673
0,0705417588378376
0,188602885888384
0,234460143699596
0,119852091035523
0,514321960720985
0,392353380690629
0,185582562225592
0,284579330179448
0,465418962540878
-0,160278786212626
0,634412227240854
0,0173489180075876
-0,231648822948378
-0,208949654877559
0,50107730569213
0,232151615501565
-0,404063737223013
0,559127679417567
-0,476994737860128
0,214405947002468
0,33491263326422
0,197605142792004
0,123641837789299
0,12757208335088
-0,22344867618689
0,439890197936479
0,323742394097894
0,35665684426137
-0,0333104523530307
-0,218186692345098
0,0243146061413314
-0,196384996770964
-0,419602813267957
0,0411223647663953
0,0592356293454804
0,297568414211848
0,110991162170813
0,0906518580354118
-0,257448490066436
-0,419783116198056
-0,527443022395978
-0,3700392873603
0,824013780657426
-0,280064845427591
0,6858407939515
0,657264889008056
0,201028474815656
-0,867664898203662
-0,632907800369831
0,467666690415045
0,114169185420575
0,0227376655467773
0,0810191266229967
0,457718300757375
0,59291960599427
-0,570178806918559
0,560347417315166
-0,157064218863513
-0,590927190369894
-1,08380917991069
0,349146982533976
-0,308942876550354
-0,549311404523441
-0,383437285127876
1,19237784316366
-0,594057353911659
0,0328079014714836
1,66882307700755
0,83324800691453
-1,38900006355559
-0,381018160690506
0,419289222662807
-0,293534897773753
-0,0999717694970729
1,05479554373563
0,0123242847132323
1,95605605888951
-0,160467706585855
0,51655746393944
0,613081165154324
-0,797032333562336
0,610937193726292
0,393042255847009
0,217485417662845
0,322033805999121
-0,277174456282866
-0,737166598616419
0,156055169203489
0,494644894561051
-0,655408063510245
-0,713940361172471
0,507451466859133
-0,124532493451565
-0,64027352556087
0,23084699444914
0,13547471660149
-0,469533316889741
0,156749205856344
-1,39011821969019
0,256241411070043
-0,345119723727966
-0,116617362144376
0,108473253425095
1,1258449897164
0,168260600948062
0,947287182729962
0,958294923489353
0,559156817810171
-1,34158404055152
0,722769469537822
-0,700182704605876
-1,99566200412161
-0,975950759448627
1,53143942113993
0,340427309254896
-0,902121590756124
1,25872319690564
-0,278213933022929
-1,6093064134706
0,517081723768104
-2,15015883719592
0,0959278155295215
-0,0668775926701322
-1,0474825665842
1,61325184190474
-0,188877885864072
-0,602049616535347
0,798516667344212
-0,97264888493692
-0,182658254680171
-1,2649316665856
-1,26078967791773
-0,897483396878257
-0,586041203836179
-0,302303004211328
0,905738984542991
0,382100047269921
0,684251067702269
1,24974862671363
-0,284952987982658
-0,0446251884631406
-0,542271485887267
0,772055369981208
0,595787428490005
-0,733262888885938
-0,371027692000283
0,394261026855568
-0,449356146255359
0,0604861637614938
-0,347134478693645
-0,717692996205569
-0,139080423419084
0,27666576243013
-1,09949792074483
-0,389794935970366
1,53942047385021
0,461509814161169
-1,08427412174164
0,546710065593042
0,996158255857288
-0,0873780754840848
-0,637604547348458
0,966379310904628
-0,709222910732854
1,95797470319143
0,0644864511965923
0,302240696584445
-0,188744519559555
-0,725082565422195
1,34029916936672
-0,569235285543495
0,376268067010996
-0,81120489565845
-0,403788484702196
-0,275397203311681
0,667974265738335
0,469172273639949
-1,48418240305853
-0,0751849842924598
-0,802325902715429
-1,02988544520949
-0,311226300024711
-0,3784062412536
0,531430326665702
0,115520647194359
-0,4809246944852
-0,751629873800614
-0,278307602798305
1,03552862311156
1,19769136298824
-0,0770920451918017
-0,184140658009505
0,432091538870442
-0,501049221363411
-0,422118949954952
-0,362956408216544
0,324051800992084
0,3163736897958
-0,458815809916587
0,209249391628543
-0,48542075425956
-0,471483002396887
0,0538804933266906
0,450081190982418
-0,0152879506768943
0,12603658709996
-0,0921359710912322
-0,460678435889996
0,135869907424959
-0,09046101729162
0,0858938202359532
0,0417534993380233
-0,19732077004706
0,635689467155545
-0,36459240499889
-0,186080278917364
-0,27158017736181
0,19354234559942
-0,165068443934142
0,0409398625018408
0,403374670245838
-0,251663923715502
-0,205609793415322
0,082504622798254
-0,418795453032466
-0,0275701432289414
-0,674586556028631
-0,282815298694281
-0,227261326801514
-0,106460145778016
-0,537129528617495
0,0572086886062268
0,673046268666906
-0,0740439783333913
-0,378856894386746
1,39829177982999
-0,940507876815634
0,370816999278521
-0,734643613681592
-0,936749903749221
-0,996543036585993
0,80292291934245
0,97930835136854
-1,41067038496779
0,100897451780317
-0,279069856559688
-1,90276588075385
-0,531368653845936
-0,860404815803044
0,581401669538645
0,226602313208486
-1,07680188039083
-0,585098761087518
0,124508933882911
1,49659369769516
1,66154397613036
0,368937065932018
0,493185338629552
-0,0926447734162939
0,463115140636333
0,0127881143453989
-0,297542797656266
0,236614727463471
-0,385448303971773
-0,051299033494792
-0,575022587545676
0,07803857478959
-0,31386102629047
0,0797942583591413
0,43779185016917
-0,00142303123456353
-0,0598820954551837
0,0497763131604032
-0,130640949775889
-0,124832064741138
0,249381558507814
0,503980322500142
0,630397049369031
0,308482847596134
-0,484548995107174
0,472693661655265
0,49444651069915
0,38128031939985
0,0370913596789139
0,469554356257172
-0,62552862514539
-0,605435066948981
0,405404921625702
-0,0888806806755097
0,35591868857053
0,765569905758598
0,427397738043992
0,328695423414423
-0,381568924282546
-0,0205613193478514
0,477547177339545
-0,250289776653818
0,116763761164741
-0,819589395182834
-0,255890004521896
-0,406040417327582
1,1407785851739
-0,773746249169948
0,0524910724068768
-0,757134774368963
-0,294615451746115
-0,287309896744844
0,679168575029286
0,0736156319694094
-0,997503868632135
-0,263094613217604
-0,173027004461836
-1,20133245640811
0,341402667469205
-0,605538431826244
0,380597356047497
0,198392348028992
-0,521671247437687
-0,310927675409205
-0,255892523621595
0,858475814933124
0,582764779343274
-0,275740399308692
-0,142504898242353
-0,441115927100835
0,164540873098149
-0,56952319700981
-0,275927993278712
0,411235372129662
0,22620323694295
0,135630506808579
-0,318007959295861
0,369580263041666
0,383730147479201
-0,137283362742911
0,246074268171986
-0,0826244161365232
0,448731736180172
-0,199032607042598
-0,127803674194354
0,0564458560275448
-0,260377637167981
-0,171972830137737
0,517892908176156
0,436337876486744
-1,82524588788962
1,38622554973971
0,163519797370534
1,00864216264061
0,444601576919219
-0,0538405443188232
0,0552525314814702
-0,902242019358824
1,36524805110634
1,12639812263945
1,01931089505644
1,2032799201763
-0,24620117261375
0,852146426570151
-0,350564684468443
-0,125843528911688
0,194160636098199
0,626177909063354
0,0700984352901645
-0,560531677306037
-1,50015655985137
0,182591330684657
-1,11656214744113
0,381972638476375
0,275666294204251
-0,0772864682520691
0,43070551637948
0,689451474789684
0,188390881880041
-0,124513236778212
0,701685072197783
-0,205342962218784
0,12427440445146
0,34039735174005
-0,309219066583992
0,749510124606393
-0,176237176749238
-0,0496044627569827
-0,0619735565472205
0,252069769033327
0,145110145039351
-0,81961020374201
-0,959417243929685
0,422547968034711
1,19715371107989
-1,16781242964398
-0,263055386864738
-0,545132486952547
0,106203186564421
-0,714034610181784
0,131623919983703
0,327356560726731
-0,673240817038312
-0,780939475753778
-0,332219726413011
-1,16606509318204
0,257977213429829
-1,05392601095941
-0,133713255586516
0,147133731165615
-0,668946128148203
0,268244725089956
-0,161869709067704
1,1444426634108
0,943437171615055
0,459357166484721
-0,444132671525324
0,631933127847717
-0,204032285589426
0,261286040535478
0,403880453246545
0,397938700251442
0,238095204934588
0,196324194093565
-0,215378185502764
-0,278471109439211
0,112046036692605
-0,201123186014018
0,273104375065813
0,208645899361579
0,236240535918388
-0,124035735182548
-0,251292231723302
0,321720120898034
-0,147665010779207
-0,326046226556545
-0,485568869701347
-0,339659134636046
-1,27046087839361
1,55773846305282
0,518784674052753
0,292190757218693
0,322378839679035
0,542052254662305
-0,378210317543177
-0,690982404391327
1,46971821666961
-0,0607382851528589
0,602955078675857
1,64801787447036
0,544511817411954
0,813768440396552
-0,635244099538636
-0,386442564337485
0,386227965306747
0,533687425926846
-0,0675448961537074
-0,596376780101872
-2,07988462735377
-0,261575941711316
0,360586949393695
0,16898209267845
-0,131545219515164
-0,0831674239620543
0,439581752223418
0,327878220904485
0,365821833596636
0,172145346574543
0,032775651796238
-0,625056459829283
0,00337058555240932
-0,494452200419958
-0,163590871181568
-0,180166551578395
0,285843848572494
-0,0280100078039839
-0,0347878669373779
-0,186314537987882
-0,142547039349701
-0,0356195012969211
0,0705285974795018
-0,195861111350551
0,1169831495313
-0,607776048023172
0,148707907135085
-0,199561847749363
-0,290055628235837
-0,489253706207275
-0,0108489884935029
0,386968667934023
0,213256296565905
-0,238117038461302
-0,428717434564794
-0,407928772056013
-0,331810652494968
-0,373327747765344
0,47809624485256
0,273610564768831
0,077586542229406
0,0767853202565123
0,318313750652532
-0,362569915694703
0,229603266309963
0,0920660296311531
-1,47575264609843
1,17104468619796
-0,331294912157093
0,780983050929204
0,0475498435810894
0,66556703388602
-0,736636761073206
-0,828092442439548
0,971360733515328
0,583475613545111
0,912600892722173
0,856704355151517
-0,156358314099412
0,64377037863118
0,0863189658856601
0,0320676667118057
0,522558355876214
0,439325216643226
-0,240141423252687
-0,346030347805572
-1,41212923859268
-0,347105519502383
0,753987752940055
-0,643617934037682
-0,289231287778637
-0,140153096991067
-0,0254286588452439
0,101113541653284
0,229776570695618
0,495510759480285
-0,191496375557098
-0,180122368736124
0,0742567656574783
0,0714166795702864
0,332929891460882
0,126173697783438
-0,0851634594295185
-0,0370205944528955
0,0559637713596019
0,0578489126437269
0,250905097034612
0,316492718204958
0,686177282677923
0,0669699767069099
-2,35745948887605
1,89029317671858
0,630071649807297
1,01715355558915
0,78571338765038
0,310712275596604
-0,101642038918169
-1,51774024344082
2,20025250908145
1,13851072748222
0,819406420667257
2,25219527265678
0,52464799534481
1,86185553896143
-0,521286976720584
0,427704096686858
0,542990417422649
0,217721849376873
0,180975933504731
-1,08540243277789
-2,63323691328652
-0,197064779969744
0,0692312459375232
0,0236153251085232
0,0434078062250598
-0,45461301034107
-0,309536954198207
-0,272409845069798
-0,441751108216548
-0,0108506678977836
-0,324643933486861
0,100877106196795
-0,0598435384330156
0,0091692576070057
0,34196670159368
0,0752905941249561
0,0377209711410557
-0,470176373888995
0,367055612928724
0,0548276643411164
0,355002204697287
-0,0722986666430857
-0,0923512809525658
0,39273419379189
-0,208483836563943
0,593940912143579
0,447746727207627
-0,0457666540040799
0,529138815560434
0,381350462878326
-0,181984016999909
-0,194214722663127
-0,318023016896425
-0,324195858832678
0,0880806812216387
0,482574963116724
-0,410566104571277
0,136998643403415
0,445928328267476
0,388099235077988
0,533096862952787
0,359226509535658
0,478267915952741
-0,331801783231711
0,0408883611884466
0,293861611676045
-0,362098091678969
0,349163486438802
-0,372183191552765
-0,345687362694094
-0,071189197295666
-0,104009807951616
-0,0290070163831561
-0,655487858127456
0,674888914309065
0,0426140523273545
0,53519014027811
0,648289160377259
0,495646876270623
0,352728375527398
-0,498257745997847
0,267742556354205
-0,152116410419755
-0,104161648185946
-0,299841309006676
-0,12787881356799
-0,375094038836555
-0,301028000079607
1,07891018949807
-1,03765398580414
-0,153531868335927
-0,777530727667265
-0,623787106773156
0,177089734881074
0,240722376565847
-0,0598964384998334
-0,581392093984852
-0,477570443007965
-0,621249429849479
-0,484262085385355
-0,117321131800643
-0,567777183300069
-0,0486566393210516
0,420928450130535
-0,231699129097282
-0,544516025827077
0,330913709283868
0,900610829433938
0,550163316538959
-0,399436530267875
4,14518053972822
-0,0555261007700182
0,493713961861281
-0,0482956206569881
1,32440980291265
1,20673743607775
0,464408320034771
0,133895746801828
-0,399090250481701
0,0187647041238285
-0,413514577504924
0,0536832103286548
-0,634688291776402
3,64644484829187
-1,44515551265188
-0,218599675867719
0,360694324501011
-0,488209641842922
0,882536619034041
0,156507874822319
-0,277602128969875
0,674598334564918
-2,97418249708123
-0,0372833370727701
0,0364532740197429
0,640204955937917
-1,57860072294216
-2,23156486499101
-0,330290459807541
-0,339725138988473
-1,23827257468359
-0,113380641055951
-0,29083934931061
0,0841166646741245
-0,881840023466356
-4,22399081801473
0,91995351778451
0,195400170262
0,00430084911259928
0,851517149596433
-0,640263552354098
0,297958181851571
0,0542061080297544
1,69163868247965
-0,555564365535506
0,101795085190811
0,0995216778866723
1,20389362875457
-0,208498110260488
0,411585696779648
0,39527011261148
0,195600738932292
0,174251051282337
-0,330120041886891
-0,141414427369848
0,718438644469879
-1,54390775454295
-0,851787174951947
0,0480213173052006
0,248744902229332
0,327857556999165
0,526362952201882
0,359404165834144
0,333759211577546
-0,945153879174758
0,65977122082201
-2,18176759283282
-0,272518387532076
0,997379586180096
-1,56790339877265
0,879943638912806
0,446638512722177
-0,847578003642816
0,220267914839336
0,460432462847318
-0,216765604061179
0,112626258732137
3,23487536535548
1,68213537521902
1,90097801043318
0,224971635623818
0,385677523308956
0,564422077587441
-0,549692442329946
0,315774272505219
-0,596325696671783
-3,74656161965048
-0,740244631367338
-0,839215954295985
0,0496877593293362
1,9484236918857
-0,354810173854803
-0,0211232681271322
0,39422273281067
0,276170939148796
-0,104289015276116
1,0353329673007
0,279805988115271
-0,499317599795009
4,48852111344024
0,978246851777603
-0,0881879519774427
0,0908938261107432
-0,0919040593043408
0,88915727603534
0,428842670636871
0,459717593417576
0,441926715835394
-4,47366672182151
-1,79765392565801
-0,957244969056989
0,496813644102813
-2,37850493548015
1,15574643892629
-0,00739380971791545
-0,366558608163091
1,45438074489345
-0,592810544947267
-0,517275556764696
0,633403565764138
-1,23465100290112
-5,00437636827794
-0,365031326763614
0,00718255850677382
0,244733027580506
-0,136487512734805
0,483916786702036
0,224049003130842
-0,278029587186083
0,813299437842264
5,2898760889971
1,48618501399551
0,97453777556894
0,653848055156672
-0,918467510220631
0,312580212747075
-0,11119122964268
0,571924667405783
0,421526818855106
-0,749857497506049
-0,187135699060457
-0,474362089972555
-1,92043579236888
-1,72302069581192
-0,396735109688515
0,717839615429054
0,407066335596314
0,254992502380285
-0,0536801965914105
0,508217618573833
-0,242558851351517
1,2840680619459
1,30231049382121
0,318590795861505
1,97398729418173
-0,233388529316535
1,01252242091294
0,516932581161549
0,0327660100773691
2,33644503074794
0,0666061341482973
0,943316449110728
-0,650217815991297
-0,157828609381873
2,99687119053929
2,42102937727368
-0,744947476034762
-0,466740865040954
0,201782969684757
-0,113861574069342
0,00811321744190326
-0,233167506031805
0,62317102865724
-1,62043079031375
-2,26011060521456
-0,261668744194359
-3,35921014701951
0,124138391588023
-0,579494450627246
-0,0692918545564432
-0,514698556883877
3,69076332131106
-1,58572181098452
-0,0870471364088928
0,461847579750199
-0,127876304830015
0,76309827064423
0,215261394753315
-0,104622497230867
0,558794059908876
-0,454167738958695
-0,348705999458006
0,0567349103123185
0,350689352707401
1,29870545212026
-0,150266820250004
0,398690123099232
0,390763121320288
-1,86840484827125
-0,0897109943655229
-0,337245276254461
-0,0209390294801949
-0,886208876406682
-4,17850201265502
0,840954628863005
0,204664941581799
0,103984910247564
0,953558900966899
-0,718829465148242
0,321332983004978
0,151454381539394
1,66232085785365
-0,241720054554791
0,2603822719715
-0,303964213771086
1,1806048528108
-1,49109234682848
0,92096081742674
0,435649451675907
-0,848103551612202
-1,81007700992749
-0,386394404545777
-0,0798644498110545
0,652992281212949
-1,63535682021049
-0,816713778752733
0,0400068418570269
0,153213857539556
0,402434316726798
0,388682962877388
0,336329317387986
0,317407510001785
-0,925899460296168
0,708771080462329
0,673266253195411
-0,0217384532973673
0,0318820625763433
2,04631356867976
-0,248945570377706
0,0135133239930024
0,358285077323913
0,322503987682782
-3,01871175426157
-0,277841006337574
0,247128644204912
3,54947036668592
1,69056567507815
1,76451194386135
0,457916349396607
0,365983309368452
0,265074374587667
-0,840754554751552
0,546444969489393
-0,660368457360158
-4,03934673809952
-0,656993815392448
0,120950492166339
-0,0838207105010575
0,577038246916783
-2,86813273893383
1,17006722280565
-0,0708281534044064
-0,442083778556368
1,6138948193338
0,101254410063773
0,202428981097692
-0,334595206025651
4,86081520810561
0,984049905547868
-0,249144512455608
0,369192872932965
-0,121821143206297
0,535896566508075
0,071568218923489
0,734580213043611
0,363734154596956
-4,82210281246098
-1,69496738824002
0,252129036284442
-1,0346877826593
0,746042155120904
-1,48746290279436
0,382138254837116
-0,173656827026104
0,458768696721441
0,645381494513138
-2,87069248087031
0,670827852305149
-1,36998762994749
-5,55552728405768
-0,491392553355108
0,252863755764638
-0,119130228002021
-0,209457390234721
1,02023718221641
0,516788393858081
-0,657985564149788
0,897820956600474
5,75242048880623
1,41360748757388
-0,108992207741761
1,13939632530525
-0,357165963925609
1,79335308787077
0,298739600405937
0,0911170561048502
2,55164721064131
-0,330108094598367
0,888665863604806
-0,491321664527708
-1,90860393017863
-1,79625386625386
-0,443875622694792
0,751873181050314
0,372629031693472
0,213182705861885
0,0203809301602577
0,481257712428766
-0,285633571683939
1,28643510433035
1,3514550655869
0,330815556022545
0,0911878992957743
-0,158688815037127
0,0996516382696597
-0,445354717089285
0,0781094777646418
-0,466509083580315
3,64033200608384
-1,52059178067534
0,140287681587337
-0,076225524514668
2,91061007507242
2,60141685913808
-0,565371702461717
-0,554613796571842
0,261732244523652
0,0505260671220059
-0,18167084109389
-0,0432271936224904
0,715578813084449
-1,61026772220835
-2,35220719010364
-0,333380071114888
-0,311395181727639
-1,32824185631511
-0,0603589837608043
-0,538596263694013
0,0979916536111361
-0,883494758820965
-4,26781985146813
0,990958331108995
-1,20595675541372
-0,201018667269452
0,859030392131052
0,157890550685841
-0,240391214973997
0,593262617545029
-0,444643722917987
-0,475528200144138
0,128078524133172
0,143527665574894
1,28645781394529
-0,172788989141795
0,388694945935472
0,46355132823008
0,203872436601849
0,0950138492298751
-0,397327978703077
-0,0167315602731715
0,699087326271538
-1,6173173443242
-0,829864800225794
0,0536694228392664
-0,757545966228457
0,908076143014257
-0,682834490809213
0,134881598182935
0,0188847810273398
1,75212275374079
-0,329525050704315
0,146657840423423
-0,110713572030964
1,10248803168673
-1,59906560096336
0,925639890475849
0,549522004114119
-0,812908103188918
0,196079236538073
0,514496543555637
-0,300061209872591
0,424695913694374
3,20883257486002
1,6413338005286
1,95287522387412
0,156756453309756
-0,251078378907719
0,364322030219625
0,373286887700087
0,321131047053683
-0,965265414023923
0,708894023208236
0,691909311070481
-0,0589629521736382
0,0316223767376636
1,96648587689573
-0,238613253294825
0,00390043456030073
0,338690480852486
0,348991625519828
-0,0856693080173533
0,919437786902119
0,228531308492772
-0,441546707881548
4,47394071921753
0,884487316648282
-0,0770190341640758
0,120235342064118
2,2579335539942
-0,683876873973428
0,352700572937841
-0,476651885390925
-3,73569703426865
-0,75656656782119
0,137744827082534
0,199230631370152
0,366599149527613
-2,4473580041981
1,2373091651695
-0,0300182920444681
-0,475285919023908
1,46344554841727
-0,565420943444793
-0,614236199710523
0,671131571884776
-1,44222315525212
-4,99300268873641
-0,379644595443598
-0,0277466127987475
0,31077803294944
3,64626913988255
0,264148595812367
0,483728617746334
0,492982048772775
-4,48583059098442
-1,77224973345547
0,212682252127226
-0,711840335481889
0,584477818982124
-0,94135105163575
0,401073374407477
-0,111558337321874
0,489743635113483
0,455685235707266
-0,728914235874751
-0,281190228064032
-0,478282080893709
-1,99755477346148
-1,72536891894113
-0,439260147708128
0,703802608103403
0,451377818817914
0,108042435816308
0,244590990869841
-0,29717930787218
0,73433168169237
5,27396064816503
1,51590466727571
-0,0416368641500141
0,683987756667645
-0,14531240632364
1,01075230206871
0,285398607446498
0,00103642465840195
2,48474207231924
-0,0584534474329432
0,899969003124907
-0,413992336578348
-0,0884279692019114
2,99532073840576
2,4419960418278
-0,585447796628277
-0,467751573438703
0,122786545825046
-1,39919598149921
-0,0948713805976229
0,303945186890743
0,793670738179363
0,862231584711697
-0,0999826205936982
0,260033010500756
-1,35578728344872
1,21802848563565
0,812641246219129
0,527077499265478
-2,56517756950274
-3,02987590953796
4,44079702160476
0,738415654879217
-1,72680992905845
0,182780006177514
1,30336718023728
0,0675705052349117
-1,18570269059273
-0,916404643379436
0,813408420317207
